# Created by Octave 7.2.0, Tue Sep 06 15:40:44 2022 GMT <unknown@IT-LAB7-PC27>
# name: a
# type: matrix
# rows: 1
# columns: 2
 -0.31199999999999994 0.77400000000000002


# name: ans
# type: scalar
0.56714329040978328


# name: b
# type: matrix
# rows: 1
# columns: 2
 -0.30999999999999994 0.77600000000000002


# name: f
# type: function handle
@<anonymous>
@(x) x - 1 ./ e .^ x


# name: x
# type: double_range
# base, limit, increment
-1 1 0.10000000000000001


# name: y
# type: matrix
# rows: 1
# columns: 21
 -2.3414709848078967 -1.9033269096274834 -1.4973560908995229 -1.124217687237691 -0.78464247339503546 -0.47942553860420301 -0.2094183423086502 0.024479793338660572 0.22133066920493888 0.38016658335317188 0.5 0.57983341664682819 0.61866933079506126 0.61552020666133955 0.5694183423086504 0.47942553860420301 0.34464247339503529 0.1642176872376907 -0.062643909100477457 -0.33667309037251703 -0.6585290151921035


